# oST version 5.0 parameters


[image]

width
640

height
480

[right_camera]

camera matrix
716.885960 0.000000 325.666559
0.000000 715.261212 240.053243
0.000000 0.000000 1.000000

distortion
-0.014184 0.081605 -0.000761 0.017386 0.000000

rectification
0.989748 -0.030203 -0.139595
0.028376 0.999484 -0.015058
0.139978 0.010943 0.990094

projection
812.684522 0.000000 429.986624 -76.053326
0.000000 812.684522 254.519970 0.000000
0.000000 0.000000 1.000000 0.000000

