Left:
D =  [-0.23730822233266988, 0.2512775019763955, -0.0020403717272492817, 0.001623104254376201, 0.0]
K =  [1170.7774485121342, 0.0, 613.3878393884294, 0.0, 1172.8539618531595, 488.3295649744461, 0.0, 0.0, 1.0]
R =  [0.9989761865119396, 0.03937255342018273, -0.02227960545515457, -0.03932229222806529, 0.9992229594843238, 0.002689716215554126, 0.022368194294424666, -0.00181087729138001, 0.9997481605921775]
P =  [1222.7345799118575, 0.0, 606.1553115844727, 0.0, 0.0, 1222.7345799118575, 496.2228660583496, 0.0, 0.0, 0.0, 1.0, 0.0]

Right:
D =  [-0.19339802666046294, 0.12993633477826821, -0.0007462734424283972, -0.0009204928862705637, 0.0]
K =  [1174.8504155711257, 0.0, 650.2530627970825, 0.0, 1177.9548435267113, 505.05229959677786, 0.0, 0.0, 1.0]
R =  [0.9981545862024768, -0.006472826323053342, 0.06037817952169454, 0.006608776264617119, 0.9999760559584642, -0.0020522149104897375, -0.06036345019336303, 0.0024474536045021944, 0.9981734638085743]
P =  [1222.7345799118575, 0.0, 606.1553115844727, 1000.2417127794371, 0.0, 1222.7345799118575, 496.2228660583496, 0.0, 0.0, 0.0, 1.0, 0.0]
self.T [0.8165270446459328, -0.005295009231159654, 0.04939156436030569]
self.R [0.995522568460199, 0.0460128465457427, -0.08256896292897309, -0.045732804931873025, 0.9989397503099401, 0.005280701068770551, 0.08272439929955036, -0.0014809468161951494, 0.9965713625009782]

# oST version 5.0 parameters

[image]

width
1280

height
1024

[camera0]

camera matrix
1170.777449 0.000000 613.387839
0.000000 1172.853962 488.329565
0.000000 0.000000 1.000000

distortion
-0.237308 0.251278 -0.002040 0.001623 0.000000

rectification
0.998976 0.039373 -0.022280
-0.039322 0.999223 0.002690
0.022368 -0.001811 0.999748

projection
1222.734580 0.000000 606.155312 0.000000
0.000000 1222.734580 496.222866 0.000000
0.000000 0.000000 1.000000 0.000000

# oST version 5.0 parameters


[image]

width
1280

height
1024

[camera1]

camera matrix
1174.850416 0.000000 650.253063
0.000000 1177.954844 505.052300
0.000000 0.000000 1.000000

distortion
-0.193398 0.129936 -0.000746 -0.000920 0.000000

rectification
0.998155 -0.006473 0.060378
0.006609 0.999976 -0.002052
-0.060363 0.002447 0.998173

projection
1222.734580 0.000000 606.155312 1000.241713
0.000000 1222.734580 496.222866 0.000000
0.000000 0.000000 1.000000 0.000000
D =  [0.15716159073140726, -4.748244531324052, -0.00030505197751900143, 0.022831160229221062, 0.0]
K =  [4564.475109550986, 0.0, 1070.3658858803362, 0.0, 4556.065413641895, 424.657914489081, 0.0, 0.0, 1.0]
R =  [1.0, 0.0, 0.0, 0.0, 1.0, 0.0, 0.0, 0.0, 1.0]
P =  [4481.3232421875, 0.0, 1075.81591336384, 0.0, 0.0, 4566.41796875, 424.21900682887645, 0.0, 0.0, 0.0, 1.0, 0.0]
# oST version 5.0 parameters


[image]

width
1280

height
1024

[camera2]

camera matrix
4564.475110 0.000000 1070.365886
0.000000 4556.065414 424.657914
0.000000 0.000000 1.000000

distortion
0.157162 -4.748245 -0.000305 0.022831 0.000000

rectification
1.000000 0.000000 0.000000
0.000000 1.000000 0.000000
0.000000 0.000000 1.000000

projection
4481.323242 0.000000 1075.815913 0.000000
0.000000 4566.417969 424.219007 0.000000
0.000000 0.000000 1.000000 0.000000

