# oST version 5.0 parameters


[image]

width
640

height
480

[narrow_stereo/left]

camera matrix
701.931786 0.000000 305.050580
0.000000 704.078878 263.314623
0.000000 0.000000 1.000000

distortion
0.011597 -0.120552 0.004324 -0.003292 0.000000

rectification
0.992293 -0.024914 -0.121387
0.026497 0.999583 0.011445
0.121051 -0.014573 0.992539

projection
812.684522 0.000000 429.986624 0.000000
0.000000 812.684522 254.519970 0.000000
0.000000 0.000000 1.000000 0.000000

# oST version 5.0 parameters


[image]

width
640

height
480

[narrow_stereo/right]

camera matrix
716.885960 0.000000 325.666559
0.000000 715.261212 240.053243
0.000000 0.000000 1.000000

distortion
-0.014184 0.081605 -0.000761 0.017386 0.000000

rectification
0.989748 -0.030203 -0.139595
0.028376 0.999484 -0.015058
0.139978 0.010943 0.990094

projection
812.684522 0.000000 429.986624 -76.053326
0.000000 812.684522 254.519970 0.000000
0.000000 0.000000 1.000000 0.000000

